160 1111191. 1191111111 iiber 111 811111111111111.

9) 91191 111111111119 beigeffigten‚ 11119111191111119111911- ;
seme (1. ee), ἒ
1) 0111111111 Νο19 11 1. 0111919111 2. 8911. 1817, (8. 45), 3
g) 111 11 119 1111111111 Regierung geriehtete Gutaehten
Leiet’s 11191119 1111191911911119 011111111 (8. 57), ἶ
1) 119 1911919 1111111191 1111 1.,0111191111115..1111111818
18. 65), ’
1) 1911110111119119111191011111111111111191111 (8. 06), ¹
1) 1190911111111111111111111191111118. 1111. 1818 (8. 74), 1

1) 11911119 119111111109119111 vem 10. 1111 1810, evomit ’

119191 19119 11111111 911191191918. 75),

m) 11191111) 111119111111 011111111111119191 (S. 77),

1) 1191911 1911111919 1109119111 111118.Μ1111820 (S. 79),
1) 1911111191 1911 19. April 1820 (S. 80.),
, p) 0111111111 1111911 119191 111127. Mai 1820 (8. 80),

1)119191111111901111111111 119191 1111 20. April 1822
(8. 83). ,
0191111911911191 1111119191111111911111 im Wesentliehen
111 119 ι1191911111 191 811111111111119. -

Einige 1111919 111911111191111 111 19119 (81.1) 1119111 er-
111111191111111311111111911911. 119111 191111 111 11 111. 1.
91111119 [1111111111 0111111111, 1911191 91191111919119111111111 111
111111 191 bisherigen Verhendlung ausgearbeiteter 0111111111911-
1111111, werin (111. 8-11) ,11 8911911 191 81111911111191 Ι111-
11919 Bestimmungen 911111191 sind, 11911911119111 11981119 >Im-
191111 ausgenemmen wurden. Μ911919111911111119 1191111 dem
111911991191111111911911111119111191 1191111191 111 01111111,
11 z. B. die 1111919119 Note 011111111111 5. April 1821, 1111 191-
1191119 1111911 1111911111 91191 1111111191 0111111111 1111119191
19111111111191 11191 111111111 1111911111 11911119 1111119891911
1111 l. 1111 1822, (11111 welche 119 91111191191 abgebroehenen Ver·
handlungen 1111 (lem Vedangen, 1111111 9119 81119 91111191 191-
191 11119, 111 111111911919189119119191111191111191 111191, 1111
ger 11111111119191111111. 8111 119191191 1119111111 1111911119-
111111918919111111 1111 119 Besetzung 191811111111111119,1ο 11111
119 91 1191 11 Bezug auf den 1911911 191 Verhandlungen 111
1019191191, 111911 1191911 11111119111111111111 'fiber 119 0111111
191911111119191 1191111119111119 Regiorung 111 1911 1111111119
91191111111191910111111111 11191191 1111111191 glaubte.

111191 den 11111. 1111111111 mitgetheilten 1119111111191 111
vvon hervorragender 01111111911119 Νο19011111111 11112. sept.

 

