1161116’66666666.1166166666 616 116619 666 hacn'Kcrcneccechere 207

Auszug 666 166166116666166 Herrn 91616966 166 6616996966 ,
161666166661161666 vom 19 September 1873.

Berlin den 19. September 1873.
' Der 6666961916 66666961196 9616911696 169 666 11196666 166
¹ 9166966916966 61699 99966669 9169 6661 196966666666 116 66 6666166669
6619666166 116 66166666 66996119, 669969666166 9166996966 (1166-
9666. Um 66 6666661166, dese 116 Κ166966916966 durch 666119166

· 1116966666666161666166666 66669966, 66166616169, um den Ge-
66616166619611616661169669691619666169666, 66166666616616611166166· 2

huchneugniese 66 66166666, 169 16966166966 16 ellen Fellen‚‘wc 616
6616996966 Ami, mih dem (116 11196666 666Κ1669669169666 666966-
166169, 66666116 166669611966166 (16669666 9666969 6161, 616696- ²
66196 169699666969169, 661669166111669669669 und 666 1666611666
166 916696666966 66616169 6669166 Kirehensiegel 6619 Β6669166 en
9616666661 169 Β61166 66 116 9696616616 116161. 1166166666 616116
116 Sachen (166 99696696691196666 dem (11699696666666669696 Be·
91616 696666966, welche 6916666669 661166 969666 1661696666-
666966 116 Kirchenzengnisse 666 dem Kirchenhuche 66 6691611616 969. ’

Den 116666 16691661616966 9696 169 6666619, 116 196161. Ge-
616996 666 116666 1166616666, 1161696116666616 116 166 666666 Um-
1666166 1166666916 9696 6666966 166666, 16 Κ66696166 66 669666.
116. 96696. 6966 6666696 169 666696669, 1666669 116 9699619696(Ι
Ι 1666619666696916166166166916661666166 66916661661 6619966616666
66 henschen 6669 16 166 einzelnen 1191166 116 1166661616 6611111669
666 166 6696616666 1166616666 16 Κ66696166 66 669666.

. 6661911.

An den 116161 096666161166966 Η6666 Giinther 1n Ρ6666

161966 666 66 Prcxis 166 preces, Minister, die 1666661616 96
1661116966 1611666666 69966 66 966616166. Der Η666 Minister
1611 969 66 1161966916616 66961166, 66166 1166116666 6661691169 nehel·
66 9666166166. Die Berechlignng 166 Η666 1116169666 zum 1161666
166 6666 6916666166 1166116666 99669 666166 966696669666166 16
166 [16966661611916666619966116666 69.

Zur Besehlegnehme der Bicher 6966166 Minister 666 961669,

66666 166 896691916669916666 166661966 6166. 9966 616 1666 166
89669 9166699161666116666 Β16966 6616, welche 666 1166996966 Μί99 9616
6666669619 666 11669116966 Β6666966 66661669169 661 16 hirchlichem
Β661966 61611 0166 6666 166 89669, 666 6669 61699166 Fell 169,
16 lengjehrigem Β661966 116666 thher genesen 6166, 6616696 men
116 66161696616116 966616666116 9666699169 6666966, 66661. 116 6696
6166696616 1996611666 666 Μ66116166 Ρ669666191699 116116 11116666

 

