111.

1199 1999999 199 81991919 999 0999191191 mit 199 191. 109-

9199199999 zu ’19999999 99999 199 811119 1999919091.
119 119911999191199 999 Dr. Carl Schmidt, 19919919119991119 colmar.

1199191919 12319999191919 991 19 (1991991911 von 191. 5
1. 21199 J. P. 0. 991 Art. 21. 1991991191911991991199191119 09-
9919191999 2819111650 199 Κ911911199 99911191999 0191999199-
999·11999991199199 99 1999991911( 999199919919199 zufolge 999191.
13. 1991993191919 1999211199. 1786. 19319191 99919 fiber 199
1919991199199999199911199199991 im 119999911919199 199 11991-
11919919119199 9991191. 11991 dem 819191, welches 199 1991199191
99911119 919191999911199 999 10. Juni 179119919191119, sollte 999
199 1191191199 199 99199191999911991999 919 9911119199 81111 1119
11111999 991 1191199 191191199199 11999199 999 199119999 199119-
. 1919199 999 1199119199 819919 99111191 werden, und 119 1999911999
199811119199999 9991 999119199199199 1991999999 99919199. Die 19-
9191911919 1199111999 199 8111999919 9999919199 991 1991 91911
199 19199. 191991 1119199 119 111199 199 911991919999 11991999
9191199199991 991991199119199 1999911999 119 99991919 1802.
1911199191919 1802 erfolgten Besitzergreifung 19119191 919 9191
19 199119 991 1999911991 9199111919919119199. 8911 dem 1919
1821 999199 919 999 199 kgl. Klosterkammer zu Hannover 999-
991191. Gegen 11999 191 1991199191 999 0999199191, 9911199991
991999 1199119, 1991119199999991399 99 9999911991), 111999 99-
19199911 dem Antrage‚ 119Β9119919 zu 999991191199,

»199 119911119199 81911 99· 0999191191 991 199911 119 919 19-

19199 desselben 919199 99911991991399 1199991199 991 1991991999

1991111199 199 811119 1999919191 999999199999 991 ihm 11999

091199 99191 911999 1919119991111911999911 behandigter Klage

191919 199 1999911999,9 991 1991991993 9991 919999 9111191 99

9911919919919999199 19999999991999

111999 Klage 19119 999199 1991999 9199919999, 19991 11911911

199 9999999 8999199199 kgl. 01999991911999 0999191191 vom 4. 1199.
18741). Die Abweisung 91119191919911. 35. des R. D. 11. S. 991

1) 1993121191, 81991999111137 99199 11. ,
1) Vorgl. (199 1191999119 19909991919199191199911999 vom 8. 991 51199.
1814, Nr. 250 und 158. ’

 

