’ 113333· 613 33333336339 (133 Personemtandes (3336 (133 31333331. 409

333. 1113 333 133 333333333
1) 33633333 Verwandten 33 333· 336 333331333633 Liuio,
’.2) 3331331333 3311· 336 halbbfirtigen (1333333133 3,333
, 3) 33133333 331333 313 333336631333136333, 633313333313333636 =

833313333313633313633 Grades, ⁸ 3
3333 113333333136, 33 das 133333633333333- 3633

63333333333313333333133133 333 33311333 3633 333-
3333333333 6333333 333333 336 33 613333, durch
3331333 613 63133- 3633 8333133333333136333 3333133-
633 3136, 3333 3333333 oder 31333,
4) 33133333 33333333, 63333 3133 613 andere 33 31363333333
3333333333 333, 33 lange dieses 3333333333113 3133 133· ’
3,3333 ’
5) 33133333 313333 wagan 1333333333 (133331363333 336
3313333 11133333161333.

Im 33113633 113. 5133 3333333333 33163313.

5. 34. 11133336 63333133 3333333 3331133333, 133333 33133
33133333 333 3133331633, 3313 33331313 oder 363 nichtig 3331333133. -

5. 35. 333333 6313333 3333 nach 3131333 633 3333333 Μ33333
3313 Beendigung 633 33633333 333 3333 33313333 333 3331133333.

313333333133 133 33163313.

5 36. 3136333333 633 3333333333 331333 31333 gagen (113
Bostimmungen 633 55. 28. 313 35. 3333313333333 333 3136 (113 Vot-
333313333 633 3336333333333 3333333336.

33333133 3113 333 6333 3131133333 633 3333333, 13333333 und

Betrugs 3333 613 6613133313 633 333. ·
5. 37. 31333333311333333 31333 Pflegebefohlenon 3313 3313333

1133333336 oder 633333 11136333 133 33633336 633 1133333 der 11333333. ¹

sebast unzulfissig.
133613 333 3131333331 3333313333, so kann 61333133 313 un·
gzfflig 31333 ange 3333333 3333633 ·
’ 5. 38. 1113 3333336333, welche 613 333 633 1111133333333333, .
633 3336333333333 336 der 3133133633 333 31333· 3313333133 33333313
machon, werdon nicht 33333. 133 die Roohtsgnltigkeit 33 go·
33313333333 333 133 633 11133331 dieser 3313333133 3333 3136333.
313 (11313333 gilt von 633 3333363333, welche 'vor der 333-
333113333333 3133333333133333, 333313336333333333363381333333311333 ,
633 1133363333 33336333.

5. 39 Allo 1333333333, 331333633133333 33333333311333333 ¹

333311313333333133, 313 33 633333 dieses 6133333 3333313333, werden
3 go 3 33

 

