' ἱ 11313111113111313181331111111111311313313111311111113αέ331131ιά. 163

33113331330313311313313133 3313113311 zu 3131313113 Ziel un*-
,1311131113 11333 331311 13131. ·

,1111 13131311 113311 3133 will F. dem 11 8131131311331 legen,
1333 31 1111311131 1818 113 33113 Β3313 131 1311311131331 durch
1311313331131331131 die 1311 anderen 8133131 3331333131 (131-
331131313113111111331 1111111313 11 13331, 1311111311 13131 113111-
3313 11311131 11311 3111131 131 1113111311 131· 1113313113 vom
31. 1111 1818 mid. 33131 3133 11131313 3111331131, 3131 11131131 -
1113111313311131311 [1111311111 11131333 viel 31311 11133331 1331,

1333113 1311313133113 1133131313 3311131313 113111 313 1311 1133113311 “

311311131111311131311111131313111113 131133111 1313113111, 13
313 1313311131 3133331131 3111311 11333111 1311 333133 31311 1131, 13311113
131 1131131 1113311133 311133 031331131313 1311311311. “
113113111311131 133 Η31111 F. 13113331, 333 13113113131-
33131 03133113131311131111133111311311313 1113131131, 1333 111131
131111131133311313131 131 nune 1111331331· 1131311131331 zu
1131313131 331, 33 wellen 3111 33113131 dieser 8131131313111 33111311-
3311 11331131, 1133 1331311 dem (133311131131 01131313 1131113 Con-
131311 11111 Medio 31114. October ξ1817 33111113 113113311313133
wie die 1311311313131331113 1311211131 1821311131313 beiden
1113113113133131111113331Η113131131131113113131311311, 111
die 313131Ρ311113 der 1311311133131 1311311131331 33111131 und
13111311, 131 311331 1111133131 81311 1313111311 311131 0131311131· haben.
83111333113111311131 3131 1131131131 3111 1131131311313133131
113113111111331 13113131131,131 1133111131111131131 11131311313
3313131131 11111311 1131311 311 13 11331, welche 131 131 131311-
11133111313111311311333113331, 1111113131131 311111313131311311111111-
1333113311131.11111311311131·,3113113111113313Β1113331311 [dr ’
33113313 1131331 11311 133 1131111331 1111131·11311131, nur 3111 1313 ende
1111131113131131 331113113311 1133131, 113 3131131313111313311131311-
31311 1131 11131311313 31133 fallen 3111. “
·11131133113111113111111113133111’38 77. Bd 11. 1111313131
1318111· ·
· 13331113313131131,3113 1333 113 1111133131 11131313 13113-
1131131111313131113113Ρ1111133131 in ffirehensaehen ein-
3311311131311,111311 13133111, 1333 113331131 1111133113 33311
1311311331311 1111131311 3113313111 werden 11133311 ’
11311131 3111 111311 1111 »dass« beginnenden 11313133113
»11311131131133131 111131 131 33113111.
83113811. 81.1111113311111111113111131111331111111131-
111311131131 1311311313 11313113 1111111113 313 eg 13131 Die Note
11*

 

